1
1
1
1
1
2
3
3
4
4
4
4
4
4
4
4
4
5
6
7
1
1
3
3
3
4
4
4
4
4
4
4
4
8
9
9
10
11
11
11
11
12
13
14
14
14
15
16
17
18
19
20
13
21
22
23
24
24
24
25
26
24
24
27
28
28
28
28
28
28
28
28
28
28
28
28
28
28
29
30
31
31
31
31
31
31
31
31
31
31
31
31
31
31
31
31
31
31
31
31
31
31
31
31
31
31
31
31
31
31
31
31
31
31
31
31
31
31
31
31
31
31
31
31
32
32
32
32
32
33
34
34
34
34
34
34
34
34
34
34
34
34
34
34
34
34
34
34
34
34
34
34
34
34
34
34
35
35
35
35
34
36
19
37
38
38
39
39
37
40
26
26
26
26
41
25
26
26
26
42
43
43
43
43
43
43
43
43
43
43
43
43
43
43
43
43
43
43
43
43
43
43
43
43
43
43
43
43
43
43
43
43
43
43
43
43
43
43
43
43
43
43
43
43
43
43
43
43
43
43
43
43
43
43
43
43
43
43
43
43
43
43
43
43
43
43
43
43
43
43
43
43
43
43
43
43
43
43
43
43
43
43
43
43
43
43
43
43
43
43
43
43
43
43
43
43
43
43
43
43
43
43
43
43
43
43
44
45
43
43
43
43
43
43
43
43
43
43
43
43
43
43
43
43
43
43
43
43
43
43
43
43
43
43
43
43
43
43
43
43
43
43
43
43
43
43
43
43
43
43
43
43
43
43
43
43
43
43
43
43
43
43
43
43
43
43
43
43
43
43
43
43
43
43
43
43
43
43
43
43
43
43
43
43
43
43
43
43
43
43
43
43
43
43
43
43
43
43
43
43
43
43
43
43
43
43
43
43
43
43
43
43
43
43
46
47
47
47
48
19
49
11
11
6
50
51
51
51
51
51
51
51
51
51
51
51
51
51
51
51
51
51
51
51
51
51
51
51
51
51
51
51
51
51
51
51
51
51
51
51
51
51
51
51
51
51
51
51
51
51
51
51
51
51
51
51
51
51
51
51
51
51
51
51
51
51
51
51
51
51
51
51
51
51
51
51
51
51
51
51
51
51
51
51
51
51
52
53
53
53
54
53
53
54
54
53
53
54
53
53
54
54
53
53
54
54
19
19
55
55
55
55
56
56
56
56
56
56
56
56
56
56
56
56
56
56
56
56
56
56
56
56
56
56
56
56
56
56
56
56
56
56
56
56
56
56
56
56
56
56
56
56
56
56
56
56
56
56
57
58
59
60
61
51
51
51
51
51
51
51
51
51
51
51
51
51
51
51
51
51
51
51
51
51
51
51
51
51
51
51
51
51
51
51
51
51
62
63
54
54
63
54
54
63
54
54
63
54
54
63
64
65
65
66
17
67
58
55
68
69
70
71
72
73
74
75
76
76
76
76
76
76
76
76
76
76
76
76
76
76
76
76
76
76
76
76
76
76
76
76
76
76
76
76
76
76
76
76
76
76
76
76
76
76
76
76
76
76
76
76
76
76
76
76
76
76
76
76
76
76
76
76
76
76
76
76
76
76
76
76
76
76
76
76
76
76
76
76
76
76
76
76
76
76
76
76
76
76
76
76
76
76
76
76
76
76
76
76
76
76
76
76
76
76
76
76
76
76
76
76
76
76
76
76
76
76
76
76
76
76
76
76
76
76
76
76
76
76
76
76
76
76
76
76
76
76
76
76
76
76
76
76
76
76
76
76
76
76
76
76
76
76
76
76
76
76
76
76
76
76
76
76
76
76
76
76
76
76
76
76
76
76
76
76
76
76
76
76
76
76
76
76
76
76
76
76
76
76
76
76
76
76
76
76
76
76
76
76
76
76
76
76
76
76
76
76
76
76
76
76
76
76
76
76
76
76
76
76
76
76
76
76
76
76
76
76
76
76
76
76
76
76
76
76
76
76
76
76
76
76
76
76
76
76
76
76
76
76
76
76
76
76
76
76
76
76
76
76
76
76
76
76
76
76
76
76
76
76
76
76
76
76
76
76
76
76
76
76
76
76
76
76
76
76
76
76
76
76
76
76
76
76
76
77
78
79
80
81
82
83
84
85
86
87
88
89
89
89
89
90
91
92
93
94
20
19
55
55
49
95
6
96
56
56
56
56
56
56
56
56
56
20
59
58
19
55
55
56
56
56
56
56
56
56
56
55
37
55
97
98
98
98
99
98
100
98
100
100
100
100
101
67
102
19
55
103
98
100
98
100
98
100
104
100
100
100
100
101
67
102
102
37
55
56
56
56
56
56
56
56
56
56
56
56
56
56
56
56
56
56
56
56
56
56
56
56
56
56
56
56
56
56
56
56
105
51
51
51
51
51
51
51
51
51
51
51
51
51
51
51
51
51
51
51
51
51
51
51
51
51
51
51
51
51
51
51
51
51
51
51
51
51
51
51
51
51
51
51
51
51
51
51
51
51
51
51
51
51
51
51
51
51
51
51
51
51
51
51
51
51
51
106
107
108
55
109
40
24
24
24
24
24
24
110
24
24
24
24
24
24
57
24
24
24
24
24
24
19
24
24
24
24
24
24
98
98
98
98
98
98
98
98
98
98
98
98
98
98
98
98
98
98
98
98
98
98
98
98
98
98
98
111
6
95
6
112
113
113
114
114
114
114
114
114
114
114
114
114
114
114
114
114
114
114
114
114
114
114
114
114
114
114
114
114
114
114
114
114
114
114
114
114
114
114
114
114
114
115
6
95
6
116
117
118
118
118
118
118
118
118
118
118
118
118
118
118
118
118
118
118
118
118
118
118
118
118
118
118
118
118
118
118
118
118
118
119
118
118
118
118
118
118
118
118
118
118
118
119
118
120
118
118
118
118
118
118
118
118
118
118
118
119
119
119
120
118
118
118
118
118
118
118
119
119
117
19
121
122
123
123
124
124
124
124
125
124
124
124
126
127
22
128
129
130
131
132
133
134
135
136
136
136
136
136
136
136
137
138
139
135
136
136
136
136
136
136
136
140
141
142
136
136
136
136
136
136
136
137
143
144
145
145
145
145
145
145
146
146
147
17
148
149
150
52
52
52
52
52
52
52
52
52
52
52
52
52
51
51
51
51
52
52
52
52
52
52
52
51
51
51
151
148
149
52
52
52
52
52
52
52
52
52
52
52
52
52
52
51
51
51
51
52
51
52
52
52
52
52
51
51
51
152
58
153
154
155
156
157
158
159
160
160
161
160
160
161
161
161
161
162
161
161
161
161
161
161
161
161
161
161
161
161
161
161
163
23
24
24
24
19
24
24
24
98
100
100
100
100
100
100
100
100
100
100
100
100
100
100
100
100
100
100
100
100
164
95
6
49
165
166
167
167
167
167
167
167
167
167
168
169
170
170
170
170
170
170
171
26
26
172
172
173
174
175
176
176
176
176
176
176
176
176
177
172
133
178
179
180
181
181
181
182
6
49
56
166
37
56
56
56
56
26
183
166
56
184
56
184
49
6
185
184
184
184
56
56
184
184
56
184
186
6
49
172
56
56
184
26
128
184
187
188
20
189
14
14
190
191
192
193
37
19
102
13
194
40
26
26
26
25
25
26
26
27
28
28
28
28
28
28
28
28
28
28
28
28
28
195
196
197
31
197
197
197
197
197
197
31
31
197
197
31
197
197
197
197
197
197
197
31
31
31
31
197
197
197
31
31
31
31
31
31
31
198
32
32
32
32
32
34
34
34
34
34
34
34
34
34
34
34
34
34
34
34
34
34
34
34
34
34
34
34
34
34
34
35
199
35
35
35
200
19
37
38
38
39
39
22
201
202
202
202
203
204
172
172
172
205
43
43
43
43
43
43
43
43
43
43
43
43
43
43
43
43
43
43
43
43
43
43
43
43
43
43
43
43
43
43
43
43
43
43
43
43
43
43
43
43
43
43
43
43
43
43
43
43
43
43
43
43
43
43
43
43
43
43
43
43
43
43
43
43
43
43
43
43
206
43
43
43
43
43
43
43
43
43
43
43
43
43
43
43
43
43
43
43
43
43
43
43
43
43
43
43
43
43
43
43
43
43
43
43
43
43
43
207
208
209
43
43
43
43
43
43
43
43
43
43
43
43
43
43
43
43
43
43
43
43
43
43
43
43
43
43
43
43
43
43
43
43
43
43
43
43
43
43
43
43
43
43
43
43
43
43
43
43
43
43
43
43
43
43
43
43
43
43
43
43
43
43
43
43
43
43
43
43
43
43
43
43
43
43
43
43
206
43
43
43
43
43
43
43
43
43
43
43
43
43
43
43
43
43
43
43
43
43
43
43
43
43
43
43
43
43
43
210
47
47
211
212
213
11
6
214
52
51
51
51
51
51
51
51
51
51
51
51
51
51
51
51
51
51
51
51
51
51
51
51
51
51
51
51
51
51
51
51
51
51
51
51
52
52
51
51
51
51
51
51
51
51
51
51
51
51
51
51
51
51
51
51
51
51
51
51
51
51
51
51
51
51
51
51
51
51
51
51
51
52
52
51
51
51
52
215
216
217
218
219
219
216
217
218
219
219
216
218
218
219
219
216
218
218
219
219
216
218
218
219
219
216
218
218
102
213
55
55
55
55
56
56
56
56
56
56
56
56
56
56
56
56
56
56
56
56
56
56
56
56
56
56
56
56
56
56
56
56
56
56
56
56
56
56
56
56
56
56
56
56
56
56
56
56
56
56
102
57
60
220
52
51
51
51
51
51
51
51
51
51
51
51
51
51
51
51
51
51
51
51
51
51
51
51
51
51
51
51
51
51
51
51
151
218
218
218
218
218
218
218
218
218
218
218
218
218
218
218
218
218
218
218
218
218
218
218
221
65
65
66
17
37
6
222
58
55
223
224
225
226
227
228
229
76
76
76
76
76
76
76
76
76
76
76
76
76
76
76
76
76
76
76
76
76
76
76
76
76
76
76
76
76
3
76
76
76
76
3
3
3
76
3
3
3
3
3
76
3
3
3
3
3
3
3
3
3
3
3
3
3
3
3
3
3
3
3
3
3
3
3
3
3
3
3
3
3
3
3
3
3
3
3
3
3
3
3
3
3
3
3
3
3
3
3
3
3
3
3
3
3
3
3
3
3
3
3
3
3
3
3
3
3
3
3
3
3
3
3
3
3
3
3
3
3
3
3
3
3
3
3
3
3
3
3
3
3
3
3
3
3
3
3
3
3
3
3
3
3
3
3
3
3
3
3
3
3
3
3
3
3
3
3
3
3
3
3
3
3
3
3
3
3
3
3
3
3
3
3
3
3
3
3
3
3
3
3
3
3
3
3
3
3
3
3
3
3
3
3
3
3
3
3
3
3
3
3
3
3
3
3
3
3
3
3
3
3
3
3
3
3
3
3
3
3
3
3
3
3
3
3
3
3
3
3
3
3
3
3
3
3
3
3
3
3
3
3
3
3
3
3
3
3
3
3
3
3
3
3
3
3
3
3
3
3
3
3
3
3
3
3
3
3
3
3
3
3
3
3
230
231
232
233
234
235
236
237
238
84
239
87
87
240
241
242
243
244
225
37
55
55
56
56
56
56
56
56
56
56
56
184
193
245
37
55
55
56
56
56
56
56
56
56
56
185
95
246
213
55
97
100
100
100
100
247
248
102
213
55
249
100
100
100
100
59
248
250
37
55
55
56
56
56
56
56
56
56
56
56
56
56
56
56
56
56
56
56
56
56
56
56
56
56
56
56
56
56
56
56
56
251
51
51
51
51
51
51
51
51
51
51
51
51
51
51
51
51
51
51
51
51
51
51
51
51
51
51
51
51
51
51
51
51
51
51
51
51
51
51
51
51
51
51
51
51
51
51
51
51
51
51
51
51
51
51
51
51
51
51
51
51
51
51
51
52
252
253
127
55
40
26
26
26
26
24
24
110
26
26
26
26
24
24
57
26
26
26
24
24
172
26
26
26
26
24
24
254
98
98
98
98
98
98
98
98
98
98
98
98
98
98
98
98
98
98
98
98
98
98
98
98
98
98
164
255
96
113
113
114
114
114
114
114
114
114
114
114
114
114
114
114
114
114
114
114
114
114
114
114
114
114
114
114
114
114
114
114
114
114
114
114
114
114
114
114
114
57
49
95
256
119
118
119
118
118
118
118
118
118
118
118
118
118
118
118
118
118
118
118
118
118
118
118
118
118
118
118
118
118
118
118
118
118
118
118
118
118
118
118
118
118
118
118
119
119
120
118
118
118
118
118
118
118
118
118
118
118
118
119
119
119
120
118
118
118
118
118
118
118
119
119
119
102
257
258
259
168
259
124
124
124
125
124
124
124
124
260
127
261
128
262
130
263
132
133
134
264
136
136
136
136
136
136
136
265
266
41
142
136
136
136
136
136
136
136
265
266
41
142
136
136
136
136
136
136
136
265
267
268
145
145
145
145
145
145
145
146
146
147
17
269
149
150
52
52
52
52
52
52
52
52
52
52
52
52
52
51
51
51
51
51
51
52
51
52
52
52
52
52
52
52
51
51
151
269
149
270
52
52
52
52
52
52
52
52
52
52
52
52
52
51
51
51
51
51
51
52
51
52
52
52
52
52
52
51
51
51
152
102
153
154
155
271
272
158
159
273
273
273
273
161
161
273
162
161
161
161
161
161
161
161
161
161
161
161
161
163
23
24
24
24
26
24
24
24
254
100
100
100
100
100
100
100
100
100
100
100
100
100
100
100
100
100
100
100
100
100
274
95
275
165
167
167
167
167
167
167
167
167
276
172
169
170
170
170
170
170
170
170
277
24
26
24
173
173
174
175
176
176
176
176
176
176
176
176
176
177
24
278
255
279
178
179
180
181
181
181
