1
1
1
1
1
1
1
2
3
3
3
4
4
4
4
4
4
4
4
4
4
4
4
4
4
4
4
4
4
4
4
4
4
4
4
4
5
6
6
6
6
6
6
6
6
6
6
6
6
6
6
6
6
6
6
6
6
6
6
6
6
6
6
6
6
7
7
7
8
9
9
9
9
10
10
10
10
10
10
10
11
12
12
12
12
12
12
12
12
12
12
12
12
12
12
12
12
13
14
15
12
12
12
12
12
12
12
12
12
12
12
12
12
12
12
16
17
12
12
12
12
12
12
12
12
12
12
12
12
12
12
12
18
19
20
12
12
12
12
12
12
12
12
12
12
12
12
12
12
12
21
22
12
12
12
12
12
12
12
12
12
12
12
12
12
12
12
23
24
25
12
12
12
12
12
12
12
12
12
12
12
12
12
12
12
12
26
12
12
12
12
12
12
12
12
12
12
12
12
12
12
12
12
27
28
3
3
3
29
4
30
31
32
32
32
32
30
31
4
4
4
31
30
32
32
32
32
31
30
4
4
4
32
30
32
32
32
32
32
33
4
4
34
6
6
6
6
6
6
6
6
6
6
6
6
6
6
6
6
6
6
6
6
6
6
6
6
6
6
6
35
7
7
7
36
9
9
9
37
10
10
10
10
10
10
10
38
12
12
12
12
12
12
12
12
12
12
12
12
12
12
12
12
39
40
12
12
12
12
12
12
12
12
12
12
12
12
12
12
12
12
26
12
12
12
12
12
12
12
12
12
12
12
12
12
12
12
12
41
42
43
12
12
12
12
12
12
12
12
12
12
12
12
12
12
12
44
45
12
12
12
12
12
12
12
12
12
12
12
12
12
12
12
46
47
48
12
12
12
12
12
12
12
12
12
12
12
12
12
12
12
12
26
12
12
12
12
12
12
12
12
12
12
12
12
12
12
12
12
49
50
51
12
12
12
12
12
12
12
12
12
12
12
12
12
12
12
52
53
12
12
12
12
12
12
12
12
12
12
12
12
12
12
12
44
54
55
3
3
56
57
58
58
58
58
58
58
58
58
58
58
58
59
58
58
58
58
58
58
59
58
58
58
60
59
61
62
62
62
61
61
61
59
62
61
58
59
58
58
59
58
58
59
58
58
59
58
59
58
59
58
58
59
59
58
59
58
59
59
58
59
58
59
58
58
59
58
59
59
58
58
59
58
59
58
59
58
58
59
58
58
59
58
58
59
58
59
58
59
58
58
59
58
59
59
58
58
59
58
59
58
59
58
58
59
58
59
59
58
58
59
58
59
58
59
58
58
59
59
58
59
58
59
59
58
59
58
59
58
58
59
58
59
59
58
58
59
58
59
58
59
58
58
58
59
61
62
61
59
63
59
63
62
62
59
61
62
59
59
59
58
58
58
58
58
58
58
61
58
58
58
58
58
58
58
58
58
58
64
4
4
65
58
58
58
58
58
58
58
58
58
58
58
59
58
58
58
58
58
58
61
59
59
61
62
59
62
62
60
59
63
59
61
61
62
59
58
59
58
58
59
59
58
59
58
58
59
58
59
59
58
58
59
58
59
58
59
59
58
59
58
59
59
58
58
58
59
59
58
59
58
58
59
58
59
59
58
58
59
58
59
58
59
58
58
59
58
59
59
58
58
59
58
59
58
59
58
58
